[array([0.796278, 0.744559]), array([0.80495 , 0.323123]), array([0.626504, 0.053754, 0.608323]), array([0.408739, 0.404902, 0.359004, 0.431449]), array([0.300708, 0.837945, 0.971653, 0.916257]), array([0.258803, 0.285754, 0.450354, 0.831348, 0.064758]), array([0.019989, 0.344445, 0.338456, 0.14215 , 0.354157, 0.752105]), array([0.061206, 0.1792  , 0.106062, 0.120642, 0.703601, 0.525082,
       0.133696, 0.506969])]
[array([0.730507, 0.785036]), array([0.795131, 0.96382 ]), array([0.443841, 0.989604, 0.      ]), array([0.424076, 0.423704, 0.276762, 0.44131 ]), array([0.305835, 0.837423, 0.976561, 0.919045]), array([0.415568, 0.341049, 0.608121, 0.821555, 0.200255]), array([0.      , 0.226553, 0.350445, 0.045287, 0.325931, 0.905682]), array([0.117642, 0.338188, 0.049996, 0.312364, 0.552527, 0.581535,
       0.223949, 0.590662])]
[array([0.731024, 0.785036]), array([0.692179, 0.921078]), array([0.44495 , 0.348788, 0.558183]), array([0.307521, 0.42445 , 0.483199, 0.463906]), array([0.321285, 0.835912, 0.989796, 0.927768]), array([0.393448, 0.292303, 0.692902, 0.963364, 0.254445]), array([0.034257, 0.332685, 0.394239, 0.188044, 0.317655, 0.658716]), array([0.015322, 0.114469, 0.248797, 0.080588, 0.704195, 0.592322,
       0.258471, 0.639823])]
[array([0.46503 , 0.732995]), array([0.706735, 0.270095]), array([0.416214, 0.521707, 0.518725]), array([0.452084, 0.380814, 0.403759, 0.43366 ]), array([0.390055, 0.835503, 1.      , 0.98037 ]), array([0.454973, 0.306327, 0.586908, 0.710541, 0.070449]), array([0.      , 0.282874, 0.429983, 0.148434, 0.310556, 0.637554]), array([0.273058, 0.149608, 0.221175, 0.11677 , 0.705827, 0.33204 ,
       0.192713, 0.426026])]
[array([0.67 , 0.733]), array([0.952089, 0.      ]), array([0.999999, 0.999999, 0.852992]), array([0.426497, 0.405632, 0.365205, 0.425011]), array([0.430989, 0.871952, 0.999999, 0.999999]), array([0.40987 , 0.      , 0.868271, 0.714012, 0.      ]), array([0.      , 0.371461, 0.067262, 0.222869, 0.29762 , 0.627922]), array([0.      , 0.      , 0.032869, 0.499498, 0.999999, 0.647825,
       0.286892, 0.417415])]
[array([0.189999, 0.733001]), array([0.725799, 0.205449]), array([0.999999, 0.999999, 0.397311]), array([0.422865, 0.395379, 0.360667, 0.422832]), array([0.739398, 0.999999, 0.999999, 0.999999]), array([0.411124, 0.393765, 0.603218, 0.724795, 0.11469 ]), array([0.023822, 0.317349, 0.441843, 0.172666, 0.31932 , 0.660437]), array([0.037213, 0.238165, 0.094312, 0.016141, 0.999999, 0.3741  ,
       0.114115, 0.999999])]
[array([0.991, 0.1  ]), array([0.697758, 0.      ]), array([0.999999, 0.55    , 0.1     ]), array([0.      , 0.      , 0.999999, 0.999999]), array([0.999999, 0.999999, 0.999999, 0.999999]), array([0.427204, 0.39043 , 0.555923, 0.753285, 0.222372]), array([0.022436, 0.347704, 0.439457, 0.209838, 0.301694, 0.634647]), array([0.092418, 0.212218, 0.102869, 0.      , 0.999999, 0.562201,
       0.197517, 0.182415])]
[array([0.7  , 0.733]), array([0.700267, 0.      ]), array([0.      , 0.      , 0.525048]), array([0.420026, 0.375233, 0.36378 , 0.420657]), array([0.9999, 0.9999, 0.9999, 0.9999]), array([0.422678, 0.423383, 0.999999, 0.784655, 0.      ]), array([0.      , 0.04892 , 0.514342, 0.328847, 0.285368, 0.721254]), array([0.098047, 0.182228, 0.144726, 0.166443, 0.802861, 0.526079,
       0.193138, 0.71574 ])]
[array([0.67 , 0.735]), array([0.701683, 0.065006]), array([0.345979, 0.513286, 0.517784]), array([0.420568, 0.369889, 0.365224, 0.420239]), array([0.99999, 0.99999, 0.99999, 0.99999]), array([0.436292, 0.395093, 0.56029 , 0.80532 , 0.      ]), array([0.      , 0.202494, 0.584643, 0.270358, 0.314935, 0.681786]), array([0.091306, 0.185837, 0.142897, 0.156689, 0.786691, 0.5182  ,
       0.194771, 0.642748])]
[array([0.66 , 0.731]), array([0.709, 0.28 ]), array([0.531716, 0.508587, 0.52056 ]), array([0.421043, 0.373879, 0.363173, 0.425061]), array([0.999995, 0.999995, 0.999995, 0.999995]), array([0.429009, 0.368422, 0.594643, 0.74793 , 0.098644]), array([0.      , 0.19572 , 0.50137 , 0.265921, 0.296263, 0.688903]), array([0.085302, 0.186177, 0.140901, 0.163715, 0.788822, 0.504952,
       0.201794, 0.57377 ])]
[array([0.66995 , 0.732995]), array([0.705848, 0.999999]), array([0.870449, 0.506473, 0.519767]), array([0.421043, 0.373879, 0.363173, 0.425061]), array([0.995567, 0.999999, 0.999999, 0.999999]), array([0.      , 0.376883, 0.601827, 0.999999, 0.107236]), array([0.006534, 0.174659, 0.516406, 0.252959, 0.275039, 0.687683]), array([0.087778, 0.190798, 0.141126, 0.156674, 0.778435, 0.508321,
       0.202829, 0.608385])]
[array([0.668363, 0.733   ]), array([0.706935, 0.270295]), array([0.475995, 0.894744, 0.512811]), array([0.420477, 0.37017 , 0.365195, 0.420221]), array([0.999999, 0.999999, 0.999999, 0.999415]), array([0.416602, 0.381582, 0.5959  , 0.999999, 0.152438]), array([0.013029, 0.175723, 0.543395, 0.261872, 0.290036, 0.688024]), array([0.087541, 0.190213, 0.144789, 0.16381 , 0.792933, 0.512832,
       0.195778, 0.563575])]