Best model:
Local Sens + Ridge + Mat 2.5 + WhiteK, x:none, y:pow-scaled

Optimised parameters:

0.441**2 * Matern(len_scale=[0.188, 0.288, 0.478], nu=1.5) + DotProduct(sigma_0=0.000687) + 0.86**2 * Matern(len_scale=[10, 0.779, 0.0742], nu=2.5) + WhiteK(noise=1e-07)

LOOCV Predictions using best model:

          x1        x2        x3         y       y_t    mean_t   resid_t     std_t    y_pred
24  0.531716  0.508587  0.520560 -0.007748  1.838324  1.649845 -0.188479  0.270257 -0.013013
18  0.416214  0.521707  0.518725 -0.008214  1.820389  1.599157 -0.221232  0.162290 -0.014238
23  0.345979  0.513286  0.517784 -0.020800  1.365146  1.614967  0.249820  0.197797 -0.013849
17  0.444950  0.348788  0.558183 -0.032544  0.986513  0.716645 -0.269868  0.435299 -0.042929
3   0.492581  0.611593  0.340176 -0.034835  0.917376  0.963128  0.045752  0.452910 -0.034385
25  0.870449  0.506473  0.519767 -0.035333  0.902564  1.169682  0.267118  0.441537 -0.027603
13  0.600097  0.725136  0.066089 -0.036378  0.871654  0.166232 -0.705423  0.573856 -0.066530
26  0.475995  0.894744  0.512811 -0.042879  0.685981  1.000854  0.314873  0.572400 -0.033777
21  0.999999  0.550000  0.100000 -0.045110  0.624804  0.354032 -0.270772  0.629002 -0.058801
10  0.220549  0.297825  0.343555 -0.046947  0.575359  0.281220 -0.294139  0.489654 -0.060560
4   0.134622  0.219917  0.458206 -0.048008  0.547205  0.352126 -0.195079  0.659656 -0.059241
14  0.965995  0.861120  0.566829 -0.056758  0.324985  0.367094  0.042109  0.659071 -0.058587
20  0.999999  0.999999  0.397311 -0.069079  0.040684  0.250244  0.209560  0.811962 -0.066183
22  0.000000  0.000000  0.525048 -0.080782 -0.201629  0.474520  0.676149  0.663912 -0.054112
19  0.999999  0.999999  0.852992 -0.082500 -0.235107 -0.810299 -0.575192  0.929586 -0.136484
1   0.242114  0.644074  0.272433 -0.087963 -0.338242 -0.513121 -0.174878  0.385582 -0.100304
9   0.170477  0.697032  0.149169 -0.094190 -0.449865 -0.505144 -0.055279  0.610934 -0.104229
11  0.666014  0.671985  0.246295 -0.105965 -0.644951 -0.402378  0.242574  0.457200 -0.094624
5   0.345523  0.941360  0.269363 -0.110621 -0.716717 -0.680141  0.036576  0.524727 -0.114096
2   0.534906  0.398501  0.173389 -0.111415 -0.728665 -0.210405  0.518260  0.524705 -0.084731
0   0.171525  0.343917  0.248737 -0.112122 -0.739246 -0.652601  0.086645  0.422123 -0.109894
7   0.645503  0.397143  0.919771 -0.113869 -0.765086 -1.007485 -0.242399  0.811188 -0.151090
12  0.046809  0.231360  0.770618 -0.118048 -0.825370 -0.877224 -0.051854  0.954146 -0.142825
8   0.746912  0.284196  0.226300 -0.131461 -1.004812 -1.043055 -0.038244  0.496741 -0.143169
16  0.443841  0.989604  0.000000 -0.144555 -1.161283  0.472485  1.633768  0.835097 -0.056518
15  0.626504  0.053754  0.608323 -0.157128 -1.296130 -0.048555  1.247574  0.767884 -0.080521
6   0.151837  0.439991  0.990882 -0.398926 -2.393882 -0.795690  1.598192  0.911298 -0.135096


FUNCTION 3 SUBMISSION WEEK 13:

                     acq_fn         ['x1', 'x2', 'x3']  distance  y_t_mean    y_mean  y_mean rank
      EI trans space (xi=2) 0.999999-0.000000-0.027397  0.429398  0.319781 -0.065637           16
      EI trans space (xi=1) 0.999999-0.000000-0.039384  0.423979  0.397693 -0.061374           15
    EI trans space (xi=0.5) 0.999999-0.000000-0.044593  0.421708  0.425954 -0.059824           14
    EI trans space (xi=0.1) 0.472747-0.499132-0.494271  0.065252  1.867704 -0.007202           11
   EI trans space (xi=0.05) 0.472652-0.501402-0.497648  0.063574  1.888678 -0.006624           10
   EI trans space (xi=0.01) 0.472553-0.504083-0.501188  0.061581  1.907707 -0.006099            9
  EI trans space (xi=0.005) 0.472538-0.504499-0.501708  0.061303  1.910210 -0.006030            8
  EI trans space (xi=0.001) 0.472525-0.504848-0.502140  0.061075  1.912223 -0.005974            7
      EI trans space (xi=0) 0.472521-0.504938-0.502250  0.061017  1.912728 -0.005960            6
  UCB trans space (beta=10) 0.999999-0.000000-0.000000  0.442755  0.131410 -0.076000           18
   UCB trans space (beta=5) 0.999999-0.000000-0.009746  0.437854  0.194668 -0.072439           17
   UCB trans space (beta=2) 0.473431-0.497012-0.480860  0.071465  1.768408 -0.009942           13
   UCB trans space (beta=1) 0.472758-0.498913-0.493916  0.065418  1.865363 -0.007266           12
 UCB trans space (beta=0.5) 0.472464-0.506361-0.503962  0.060146  1.920077 -0.005756            5
 UCB trans space (beta=0.1) 0.471758-0.513774-0.512207  0.056485  1.940110 -0.005187            4
UCB trans space (beta=0.05) 0.471572-0.514434-0.512942  0.056133  1.940471 -0.005174            3
UCB trans space (beta=0.01) 0.471401-0.514893-0.513464  0.055854  1.940569 -0.005170            2
   UCB trans space (beta=0) 0.471355-0.514999-0.513586  0.055785  1.940573 -0.005169            1
