Best model:
Linear + RBF + WhiteK, x:none, y:pow-scaled

Optimised parameters:

DotProduct(sigma_0=9.54e-05) + 0.547**2 * RBF(len_scale=[1.16, 10, 0.978, 0.373, 0.221, 0.241]) + WhiteK(noise=1e-07)

LOOCV Predictions using best model:

          x1        x2        x3        x4        x5        x6         y       y_t    mean_t   resid_t     std_t    y_pred
41  0.013029  0.175723  0.543395  0.261872  0.290036  0.688024  2.814679  1.500302  1.497491 -0.002811  0.003347  2.799687
39  0.000000  0.195720  0.501370  0.265921  0.296263  0.688903  2.785952  1.494927  1.494257 -0.000670  0.006159  2.782729
40  0.006534  0.174659  0.516406  0.252959  0.275039  0.687683  2.766417  1.491218  1.494553  0.003335  0.004704  2.784158
38  0.000000  0.202494  0.584643  0.270358  0.314935  0.681786  2.713704  1.480984  1.488092  0.007109  0.007645  2.750619
37  0.000000  0.048920  0.514342  0.328847  0.285368  0.721254  2.548091  1.446520  1.449145  0.002625  0.019625  2.562756
36  0.022436  0.347704  0.439457  0.209838  0.301694  0.634647  2.442600  1.422552  1.416574 -0.005978  0.014168  2.418599
35  0.023822  0.317349  0.441843  0.172666  0.319320  0.660437  2.421789  1.417620  1.416657 -0.000963  0.004692  2.417888
32  0.034257  0.332685  0.394239  0.188044  0.317655  0.658716  2.415937  1.416221  1.416745  0.000524  0.005485  2.418302
33  0.000000  0.282874  0.429983  0.148434  0.310556  0.637554  2.290234  1.384766  1.389808  0.005042  0.012068  2.310426
30  0.019989  0.344445  0.338456  0.142150  0.354157  0.752105  1.847594  1.247897  1.256363  0.008466  0.034670  1.874780
34  0.000000  0.371461  0.067262  0.222869  0.297620  0.627922  1.759457  1.214497  1.225176  0.010679  0.060694  1.797480
6   0.057896  0.491672  0.247422  0.218118  0.420428  0.730970  1.364968  1.028948  1.002364 -0.026584  0.073044  1.326546
31  0.000000  0.226553  0.350445  0.045287  0.325931  0.905682  0.986270  0.768101  0.743646 -0.024456  0.179546  0.984252
24  0.881647  0.204450  0.414474  0.420385  0.264915  0.730660  0.675142  0.448435  0.503656  0.055222  0.229425  0.748025
14  0.148647  0.033943  0.728806  0.316066  0.021769  0.516918  0.611526  0.365210  0.183603 -0.181607  0.341268  0.527542
0   0.272624  0.324495  0.897109  0.832951  0.154063  0.795864  0.604433  0.355455  0.083265 -0.272191  0.205148  0.442760
1   0.543003  0.924694  0.341567  0.646486  0.718440  0.343133  0.562753  0.296054 -0.574927 -0.870982  0.336839  0.162326
25  0.066611  0.528045  0.816095  0.961017  0.086509  0.777788  0.516457  0.225614  0.345953  0.120339  0.250254  0.622384
23  0.175978  0.624416  0.295542  0.469553  0.097770  0.728141  0.475396  0.158829  0.356139  0.197310  0.217162  0.623615
16  0.417626  0.064100  0.245669  0.559041  0.191531  0.254641  0.274893 -0.240222 -0.311805 -0.071583  0.376927  0.268320
4   0.630218  0.838097  0.680013  0.731895  0.526737  0.348429  0.273047 -0.244578 -0.500094 -0.255516  0.311963  0.186938
13  0.942451  0.377440  0.486122  0.228791  0.082632  0.711958  0.268400 -0.255609 -0.096973  0.158635  0.314098  0.359804
11  0.722615  0.011813  0.063646  0.165173  0.079244  0.359952  0.206310 -0.412523 -0.437298 -0.024775  0.408643  0.220660
22  0.686853  0.041017  0.007573  0.285009  0.691568  0.655543  0.100507 -0.727822 -0.822129 -0.094307  0.175171  0.075584
29  0.476823  0.340942  0.014335  0.880140  0.998655  0.079664  0.095411 -0.744799 -1.073320 -0.328521  0.642369  0.038248
7   0.195252  0.079227  0.554580  0.170567  0.014944  0.107032  0.092645 -0.754092 -0.246024  0.508068  0.442934  0.308168
5   0.764919  0.255883  0.609084  0.218079  0.322943  0.095794  0.083747 -0.784361 -0.874804 -0.090443  0.229406  0.062567
10  0.528497  0.457424  0.360096  0.362046  0.816891  0.637476  0.073516 -0.819880 -1.098717 -0.278836  0.190517  0.002779
17  0.726286  0.464896  0.924571  0.807245  0.635438  0.143418  0.066763 -0.843760 -0.419261  0.424499  0.402707  0.227078
3   0.118867  0.615055  0.905816  0.855300  0.413631  0.585236  0.061424 -0.862889 -0.439304  0.423585  0.313297  0.209735
18  0.319810  0.520098  0.290678  0.876707  0.495035  0.619082  0.042118 -0.933962 -0.844449  0.089512  0.337377  0.076634
9   0.789943  0.195545  0.575623  0.073659  0.259049  0.051100  0.033565 -0.966436 -0.879016  0.087420  0.237246  0.061701
28  0.806282  0.324122  0.726076  0.148712  0.719376  0.362884  0.021343 -1.013937 -0.530806  0.483131  0.330320  0.177368
20  0.541241  0.631403  0.031902  0.449982  0.798653  0.633704  0.018209 -1.026328 -0.757917  0.268411  0.167511  0.094147
8   0.642303  0.836875  0.021793  0.101488  0.683071  0.692416  0.017870 -1.027676 -0.816128  0.211548  0.244017  0.079917
15  0.817112  0.548168  0.103348  0.124370  0.728235  0.449674  0.014798 -1.039917 -1.157303 -0.117385  0.272127 -0.008904
12  0.075665  0.334502  0.132733  0.608312  0.918386  0.822331  0.008826 -1.063969 -1.143489 -0.079520  0.383240 -0.000732
2   0.090832  0.661529  0.065931  0.258577  0.963453  0.640265  0.007503 -1.069339 -0.887602  0.181737  0.385656  0.067335
21  0.226348  0.115026  0.824750  0.945384  0.905312  0.951014  0.007016 -1.071322 -0.763549  0.307773  0.527948  0.118349
26  0.932466  0.488812  0.258608  0.956243  0.190428  0.519852  0.003777 -1.084557 -0.917964  0.166593  0.479292  0.065924
27  0.846867  0.142429  0.060669  0.756292  0.552398  0.081306  0.003134 -1.087197 -0.687554  0.399644  0.414124  0.131052
19  0.879871  0.397962  0.003635  0.956991  0.264514  0.114869  0.002701 -1.088976 -1.150006 -0.061029  0.489398  0.004101


FUNCTION 7 SUBMISSION WEEK 13:

                     acq_fn                  ['x1', 'x2', 'x3', 'x4', 'x5', 'x6']  distance  y_t_mean   y_mean  y_mean rank
      EI trans space (xi=2) 0.000000-0.000000-0.999999-0.999999-0.000000-0.000000  0.912269 -0.114011 0.438156           17
      EI trans space (xi=1) 0.000000-0.000000-0.999999-0.600000-0.000000-0.999999  0.556669  0.412440 0.852289           15
    EI trans space (xi=0.5) 0.000000-0.000000-0.999999-0.675612-0.000000-0.999999  0.529499  0.448692 0.892513           14
    EI trans space (xi=0.1) 0.000000-0.000000-0.999999-0.708412-0.000000-0.999999  0.520696  0.461021 0.901558           13
   EI trans space (xi=0.05) 0.000000-0.000000-0.999999-0.712462-0.000000-0.999999  0.519742  0.462355 0.901862           12
   EI trans space (xi=0.01) 0.000000-0.000000-0.533338-0.232880-0.299368-0.678777  0.118169  1.559683 3.179353            2
  EI trans space (xi=0.005) 0.000000-0.000000-0.534248-0.232895-0.299215-0.679126  0.118164  1.559697 3.179317            3
  EI trans space (xi=0.001) 0.000000-0.000000-0.534803-0.232906-0.299122-0.679337  0.118164  1.559703 3.179279            5
      EI trans space (xi=0) 0.000000-0.000000-0.534922-0.232908-0.299102-0.679382  0.118164  1.559704 3.179269            6
  UCB trans space (beta=10) 0.000000-0.000000-0.999999-0.000000-0.999999-0.000000  1.030887 -0.579459 0.217432           18
   UCB trans space (beta=5) 0.000000-0.000000-0.999999-0.000000-0.000000-0.999999  0.656150  0.260466 0.704712           16
   UCB trans space (beta=2) 0.000000-0.000000-0.482823-0.240225-0.309540-0.652173  0.128829  1.545515 3.097900           11
   UCB trans space (beta=1) 0.000000-0.000000-0.506310-0.234498-0.304210-0.666500  0.121295  1.556257 3.161416           10
 UCB trans space (beta=0.5) 0.000000-0.000000-0.520361-0.233135-0.301599-0.673360  0.118943  1.558849 3.175858            9
 UCB trans space (beta=0.1) 0.000000-0.000000-0.532990-0.232876-0.299426-0.678642  0.118172  1.559676 3.179358            1
UCB trans space (beta=0.05) 0.000000-0.000000-0.534645-0.232903-0.299148-0.679277  0.118164  1.559701 3.179291            4
UCB trans space (beta=0.01) 0.000000-0.000000-0.535980-0.232934-0.298925-0.679780  0.118172  1.559709 3.179159            7
   UCB trans space (beta=0) 0.000000-0.000000-0.536315-0.232943-0.298869-0.679904  0.118176  1.559710 3.179115            8
