Best model:
Linear + RBF, x:scaled, y:power

Optimised parameters:

DotProduct(sigma_0=0.896) + 0.189**2 * RBF(len_scale=[0.73, 2.69, 0.436, 0.852, 0.704])

LOOCV Predictions using best model:

          x1        x2        x3        x4        x5         y       y_t    mean_t   resid_t     std_t    y_pred
21  0.415568  0.341049  0.608121  0.821555  0.200255 -0.146078 -0.139501 -0.150773 -0.011272  0.042858 -0.159107
29  0.429009  0.368422  0.594643  0.747930  0.098644 -0.151988 -0.144889 -0.156894 -0.012006  0.013313 -0.165291
25  0.411124  0.393765  0.603218  0.724795  0.114690 -0.162323 -0.154267 -0.145672  0.008594  0.022263 -0.153022
23  0.454973  0.306327  0.586908  0.710541  0.070449 -0.254988 -0.235972 -0.199114  0.036858  0.035023 -0.213035
26  0.427204  0.390430  0.555923  0.753285  0.222372 -0.278708 -0.256236 -0.233638  0.022598  0.077377 -0.254421
28  0.436292  0.395093  0.560290  0.805320  0.000000 -0.310752 -0.283219 -0.243522  0.039697  0.067687 -0.265437
31  0.416602  0.381582  0.595900  0.999999  0.152438 -0.318668 -0.289817 -0.274043  0.015773  0.106480 -0.303909
20  0.258803  0.285754  0.450354  0.831348  0.064758 -0.477887 -0.417266 -0.473060 -0.055793  0.169599 -0.562498
27  0.422678  0.423383  0.999999  0.784655  0.000000 -0.538972 -0.463732 -0.644184 -0.180453  0.180298 -0.805241
22  0.393448  0.292303  0.692902  0.963364  0.254445 -0.542122 -0.466094 -0.414329  0.051765  0.117769 -0.479326
24  0.409870  0.000000  0.868271  0.714012  0.000000 -0.700867 -0.581215 -0.417546  0.163669  0.183083 -0.490936
30  0.000000  0.376883  0.601827  0.999999  0.107236 -0.704161 -0.583527 -0.417922  0.165605  0.211921 -0.495730
0   0.728186  0.154693  0.732552  0.693997  0.056401 -0.714265 -0.590599 -0.720836 -0.130238  0.186883 -0.921928
4   0.618812  0.331802  0.187288  0.756238  0.328835 -0.829237 -0.669180 -0.984211 -0.315031  0.185851 -1.356873
17  0.782880  0.536336  0.443284  0.859700  0.010326 -0.935757 -0.739101 -0.779393 -0.040292  0.202292 -1.016092
10  0.536797  0.308781  0.411879  0.388225  0.522528 -1.144785 -0.869197 -1.070477 -0.201279  0.193771 -1.513854
1   0.242384  0.844100  0.577809  0.679021  0.501953 -1.209955 -0.908023 -0.951113 -0.043090  0.191294 -1.299812
6   0.145111  0.896685  0.896322  0.726272  0.236272 -1.233786 -0.922030 -0.753548  0.168481  0.207949 -0.976234
5   0.784958  0.910682  0.708120  0.959225  0.004911 -1.247049 -0.929782 -0.656786  0.272995  0.218643 -0.830126
16  0.432166  0.715618  0.341819  0.705000  0.614962 -1.294247 -0.957125 -1.050141 -0.093016  0.194306 -1.476655
9   0.757594  0.355831  0.016523  0.434207  0.112433 -1.309116 -0.965662 -1.130453 -0.164792  0.177267 -1.623221
13  0.021735  0.428084  0.835939  0.489489  0.511082 -1.356682 -0.992726 -0.857996  0.134730  0.213870 -1.145753
3   0.770620  0.114404  0.046780  0.648324  0.273549 -1.536058 -1.091637 -0.829556  0.262080  0.173187 -1.092291
12  0.629308  0.803484  0.811408  0.045613  0.110624 -1.622839 -1.137822 -1.044073  0.093748  0.242404 -1.474998
2   0.729523  0.748106  0.679775  0.356552  0.671054 -1.672200 -1.163639 -1.328965 -0.165325  0.207438 -2.023615
7   0.945069  0.288459  0.978806  0.961656  0.598016 -1.694343 -1.175118 -0.710667  0.464451  0.274288 -0.922857
15  0.258906  0.793678  0.642114  0.196673  0.593103 -1.702558 -1.179360 -1.196472 -0.017111  0.204401 -1.755253
19  0.126679  0.291470  0.064528  0.680515  0.892819 -1.746882 -1.202104 -1.112191  0.089913  0.235245 -1.599614
11  0.957740  0.235669  0.099146  0.156806  0.071317 -1.912677 -1.285074 -0.959271  0.325803  0.226677 -1.320489
14  0.439344  0.698924  0.426820  0.109476  0.877888 -2.018425 -1.336363 -1.465311 -0.128948  0.213258 -2.317962
18  0.921776  0.931871  0.414876  0.595057  0.735626 -2.155768 -1.401221 -1.375040  0.026181  0.227178 -2.124805
8   0.125720  0.862725  0.028544  0.246605  0.751206 -2.571170 -1.586619 -1.249577  0.337042  0.226043 -1.864968


FUNCTION 6 SUBMISSION WEEK 13:

                     acq_fn               ['x1', 'x2', 'x3', 'x4', 'x5']  distance  y_t_mean    y_mean  y_mean rank
      EI trans space (xi=2) 0.000000-0.000000-0.999999-0.000000-0.000000  0.833762 -0.640054 -0.814479           25
      EI trans space (xi=1) 0.000000-0.000000-0.999999-0.999999-0.000000  0.516850 -0.282643 -0.328811           20
    EI trans space (xi=0.5) 0.000000-0.000000-0.999999-0.999999-0.000000  0.516850 -0.282643 -0.328811           20
    EI trans space (xi=0.1) 0.357771-0.000000-0.604093-0.827017-0.105556  0.310510 -0.103097 -0.111080           18
   EI trans space (xi=0.05) 0.367611-0.026448-0.604030-0.824824-0.110612  0.311164 -0.094364 -0.101056           15
   EI trans space (xi=0.01) 0.379107-0.128377-0.604349-0.820227-0.117120  0.227893 -0.077600 -0.081668           12
  EI trans space (xi=0.005) 0.380595-0.139897-0.604439-0.819767-0.117835  0.218436 -0.076323 -0.080161           11
  EI trans space (xi=0.001) 0.381764-0.148736-0.604514-0.819420-0.118383  0.211321 -0.075446 -0.079116            9
      EI trans space (xi=0) 0.382051-0.150885-0.604534-0.819336-0.118517  0.209612 -0.075246 -0.078877            8
       EI orig space (xi=2) 0.999999-0.999999-0.200000-0.800000-0.999999  0.410885 -1.536397 -2.484766           26
       EI orig space (xi=1) 0.999999-0.999999-0.200000-0.800000-0.999999  0.410885 -1.536397 -2.484766           26
     EI orig space (xi=0.5) 0.000000-0.000000-0.999999-0.999999-0.000000  0.516850 -0.282643 -0.328811           20
     EI orig space (xi=0.1) 0.359149-0.000000-0.604073-0.826868-0.106184  0.310458 -0.102448 -0.110342           17
    EI orig space (xi=0.05) 0.369774-0.047797-0.604026-0.823762-0.112015  0.298222 -0.090155 -0.096213           14
    EI orig space (xi=0.01) 0.380876-0.142032-0.604456-0.819683-0.117967  0.216705 -0.076103 -0.079899           10
   EI orig space (xi=0.005) 0.382386-0.153375-0.604556-0.819239-0.118671  0.207356 -0.075022 -0.078607            7
   EI orig space (xi=0.001) 0.383356-0.160512-0.604624-0.818963-0.119114  0.200584 -0.074420 -0.077880            6
       EI orig space (xi=0) 0.383495-0.161529-0.604634-0.818924-0.119178  0.199622 -0.074340 -0.077782            5
  UCB trans space (beta=10) 0.000000-0.000000-0.999999-0.000000-0.000000  0.833762 -0.640054 -0.814479           24
   UCB trans space (beta=5) 0.000000-0.000000-0.999999-0.999999-0.000000  0.516850 -0.282643 -0.328811           19
   UCB trans space (beta=2) 0.000000-0.000000-0.999999-0.999999-0.000000  0.516850 -0.282643 -0.328811           23
   UCB trans space (beta=1) 0.362831-0.000000-0.604062-0.826473-0.107833  0.310313 -0.100858 -0.108527           16
 UCB trans space (beta=0.5) 0.376969-0.111274-0.604235-0.820926-0.116054  0.242271 -0.079757 -0.084193           13
 UCB trans space (beta=0.1) 0.388766-0.198454-0.605027-0.817513-0.121493  0.165170 -0.072326 -0.075213            4
UCB trans space (beta=0.05) 0.390263-0.208448-0.605141-0.817130-0.122131  0.156061 -0.072105 -0.074869            3
UCB trans space (beta=0.01) 0.391461-0.216308-0.605231-0.816826-0.122639  0.148985 -0.072035 -0.074711            2
   UCB trans space (beta=0) 0.391761-0.218253-0.605253-0.816751-0.122766  0.147246 -0.072032 -0.074687            1
