Best model:
Linear + RBF, x:none, y:pow-scaled

Optimised parameters:

DotProduct(sigma_0=10) + 3.03**2 * RBF(len_scale=[2.61, 3.64, 2.15, 3.54, 5.1, 3.59, 2.6, 10])

LOOCV Predictions using best model:

          x1        x2        x3        x4        x5        x6        x7        x8         y       y_t    mean_t       resid_t     std_t    y_pred
49  0.085302  0.186177  0.140901  0.163715  0.788822  0.504952  0.201794  0.573770  9.997552  1.413765  1.413854  8.970620e-05  0.000319  9.997655
48  0.091306  0.185837  0.142897  0.156689  0.786691  0.518200  0.194771  0.642748  9.997364  1.413600  1.413600  2.964626e-07  0.000195  9.997364
50  0.087778  0.190798  0.141126  0.156674  0.778435  0.508321  0.202829  0.608385  9.997296  1.413541  1.413480 -6.066220e-05  0.000280  9.997227
51  0.087541  0.190213  0.144789  0.163810  0.792933  0.512832  0.195778  0.563575  9.996868  1.413167  1.413043 -1.232177e-04  0.000463  9.996727
47  0.098047  0.182228  0.144726  0.166443  0.802861  0.526079  0.193138  0.715740  9.995915  1.412334  1.412374  3.916095e-05  0.000469  9.995960
40  0.061206  0.179200  0.106062  0.120642  0.703601  0.525082  0.133696  0.506969  9.978623  1.397235  1.398536  1.301361e-03  0.003924  9.980113
46  0.092418  0.212218  0.102869  0.000000  0.999999  0.562201  0.197517  0.182415  9.929987  1.354810  1.363586  8.775454e-03  0.016880  9.940047
42  0.015322  0.114469  0.248797  0.080588  0.704195  0.592322  0.258471  0.639823  9.917132  1.343608  1.346459  2.850298e-03  0.008425  9.920402
45  0.037213  0.238165  0.094312  0.016141  0.999999  0.374100  0.114115  0.999999  9.896000  1.325204  1.339682  1.447789e-02  0.019714  9.912617
41  0.117642  0.338188  0.049996  0.312364  0.552527  0.581535  0.223949  0.590662  9.879974  1.311254  1.313814  2.560054e-03  0.010041  9.882913
43  0.273058  0.149608  0.221175  0.116770  0.705827  0.332040  0.192713  0.426026  9.878281  1.309782  1.312525  2.743044e-03  0.011878  9.881430
44  0.000000  0.000000  0.032869  0.499498  0.999999  0.647825  0.286892  0.417415  9.746762  1.195588  1.205519  9.930547e-03  0.029255  9.758203
14  0.056447  0.065956  0.022929  0.038786  0.403935  0.801055  0.488307  0.893085  9.598482  1.067436  1.071528  4.092744e-03  0.028559  9.603211
26  0.192640  0.630677  0.416796  0.490529  0.796086  0.654567  0.276241  0.295518  9.344274  0.849212  0.858975  9.762667e-03  0.027083  9.355677
39  0.481245  0.102461  0.219486  0.677322  0.247509  0.244341  0.163825  0.715962  9.183005  0.711752  0.718259  6.507109e-03  0.026150  9.190643
22  0.145120  0.119328  0.420888  0.387609  0.155423  0.875172  0.510560  0.728611  9.141639  0.676616  0.680558  3.941696e-03  0.028711  9.146263
19  0.044329  0.013581  0.258198  0.577644  0.051280  0.158563  0.591030  0.077953  9.013075  0.567741  0.575543  7.801692e-03  0.037522  9.022272
12  0.143550  0.937415  0.232325  0.009043  0.414579  0.409325  0.553779  0.205841  8.976554  0.536903  0.540318  3.414620e-03  0.031962  8.980575
25  0.028947  0.028279  0.481372  0.613175  0.672660  0.022113  0.601483  0.524885  8.830745  0.414184  0.417300  3.116357e-03  0.035385  8.834425
23  0.338954  0.566932  0.376751  0.098916  0.659452  0.245548  0.762483  0.732153  8.817558  0.403117  0.400713 -2.403640e-03  0.037008  8.814658
4   0.359909  0.249076  0.495997  0.709215  0.114987  0.289207  0.557295  0.593882  8.606117  0.226388  0.221835 -4.553048e-03  0.017120  8.600640
5   0.778818  0.003419  0.337983  0.519528  0.820907  0.537247  0.551347  0.660032  8.541748  0.172859  0.170443 -2.416030e-03  0.017933  8.538830
35  0.472071  0.168203  0.086428  0.452656  0.480619  0.622439  0.928974  0.112536  8.472936  0.115776  0.108629 -7.147062e-03  0.032603  8.464279
2   0.009077  0.811626  0.520520  0.075687  0.265112  0.091652  0.592415  0.367320  8.459482  0.104632  0.108564  3.931852e-03  0.038187  8.464190
31  0.532820  0.862308  0.538267  0.049443  0.719701  0.906706  0.108231  0.525348  8.421759  0.073418  0.080772  7.354519e-03  0.051382  8.430579
3   0.506028  0.653730  0.363411  0.177981  0.093728  0.197425  0.755827  0.292472  8.284008 -0.040192 -0.038027  2.164607e-03  0.024278  8.286623
32  0.394865  0.331802  0.740754  0.697862  0.737404  0.783777  0.254495  0.871146  8.278062 -0.045082 -0.042245  2.837298e-03  0.036711  8.281474
15  0.862437  0.482734  0.281869  0.544102  0.887490  0.382655  0.601902  0.476462  8.159983 -0.141970 -0.139356  2.614493e-03  0.015194  8.163170
28  0.532721  0.833693  0.071399  0.116811  0.730693  0.937376  0.866508  0.127902  8.042213 -0.238165 -0.235860  2.305800e-03  0.052046  8.044962
36  0.856007  0.638894  0.326192  0.668503  0.240298  0.210299  0.167546  0.963590  7.977685 -0.290684 -0.298683 -7.998373e-03  0.047293  7.967776
8   0.761137  0.854672  0.382124  0.337352  0.689708  0.309853  0.631380  0.041956  7.957875 -0.306780 -0.313801 -7.020283e-03  0.027722  7.949207
30  0.382225  0.557136  0.853102  0.333796  0.265721  0.480873  0.237647  0.768632  7.923759 -0.334471 -0.338386 -3.915069e-03  0.019764  7.918920
10  0.112071  0.437736  0.596599  0.592776  0.226982  0.410105  0.921238  0.674753  7.854541 -0.390538 -0.384693  5.844990e-03  0.045646  7.861702
29  0.447096  0.843953  0.729546  0.639151  0.409287  0.132646  0.035909  0.446838  7.692368 -0.521290 -0.515617  5.672767e-03  0.033527  7.699391
37  0.810032  0.635046  0.269548  0.869605  0.661922  0.252259  0.765670  0.890549  7.460872 -0.706437 -0.707354 -9.167734e-04  0.019522  7.459708
38  0.796253  0.007037  0.355697  0.487566  0.740520  0.706650  0.992914  0.381734  7.436594 -0.725751 -0.714223  1.152862e-02  0.032425  7.451053
18  0.680294  0.255105  0.862188  0.134396  0.326329  0.287907  0.435010  0.364200  7.433744 -0.728017 -0.726462  1.554953e-03  0.021209  7.435685
0   0.604994  0.292215  0.908453  0.355506  0.201669  0.575338  0.310311  0.734281  7.398721 -0.755841 -0.750058  5.782801e-03  0.023321  7.405986
13  0.769917  0.458759  0.559000  0.694604  0.503199  0.728346  0.784254  0.663131  7.379083 -0.771425 -0.777126 -5.700999e-03  0.020118  7.371881
6   0.908649  0.062250  0.238260  0.766604  0.132336  0.990244  0.688068  0.742496  7.327435 -0.812348 -0.807708  4.639825e-03  0.063925  7.333158
20  0.778345  0.751146  0.314142  0.902986  0.335382  0.386323  0.748972  0.988755  7.310894 -0.825435 -0.823095  2.339587e-03  0.020446  7.313837
7   0.586371  0.880736  0.745021  0.546035  0.009649  0.748992  0.230907  0.097916  7.299872 -0.834150 -0.834589 -4.390593e-04  0.060960  7.299190
16  0.351512  0.590065  0.909436  0.678408  0.212826  0.088460  0.410153  0.195724  7.131624 -0.966677 -0.969201 -2.524293e-03  0.032752  7.128369
33  0.985945  0.873054  0.070393  0.053587  0.734153  0.520259  0.811040  0.103360  7.113457 -0.980929 -0.974788  6.141557e-03  0.065438  7.121136
1   0.178007  0.566223  0.994862  0.210325  0.320153  0.707909  0.635384  0.107132  7.005227 -1.065602 -1.069502 -3.899780e-03  0.062711  7.000087
27  0.943185  0.218851  0.721184  0.424597  0.986902  0.535183  0.714743  0.960094  6.887846 -1.156976 -1.156586  3.894752e-04  0.032456  6.888309
11  0.791888  0.576191  0.694528  0.283424  0.136755  0.279162  0.842767  0.625328  6.791986 -1.231241 -1.228524  2.716462e-03  0.023950  6.795478
17  0.735904  0.034612  0.728030  0.147427  0.295743  0.445117  0.975180  0.374340  6.767963 -1.249802 -1.255765 -5.962988e-03  0.036073  6.760189
24  0.176150  0.293961  0.975680  0.793936  0.923401  0.030842  0.803255  0.595898  6.451943 -1.492054 -1.481415  1.063897e-02  0.072374  6.465706
34  0.964573  0.973980  0.663753  0.662216  0.673122  0.905238  0.458875  0.560918  6.402588 -1.529564 -1.527923  1.641020e-03  0.052698  6.404635
21  0.898887  0.523642  0.876783  0.218696  0.900261  0.282766  0.911078  0.472398  5.841067 -1.949992 -1.948354  1.638644e-03  0.034633  5.843230
9   0.984933  0.699506  0.998885  0.180148  0.580143  0.231087  0.490827  0.313683  5.592193 -2.132510 -2.137932 -5.421539e-03  0.041100  5.584665


FUNCTION 8 SUBMISSION WEEK 13:

                     acq_fn                        ['x1', 'x2', 'x3', 'x4', 'x5', 'x6', 'x7', 'x8']  distance  y_t_mean   y_mean  y_mean rank
      EI trans space (xi=2) 0.000000-0.999999-0.000000-0.999999-0.999999-0.000000-0.000000-0.999999  1.249202 -0.153954 8.144542           18
      EI trans space (xi=1) 0.000000-0.750000-0.000000-0.999999-0.999999-0.000000-0.000000-0.999999  1.180341  0.134460 8.494877           17
    EI trans space (xi=0.5) 0.000000-0.500000-0.000000-0.999999-0.999999-0.000000-0.000000-0.999999  1.095348  0.324908 8.723708           15
    EI trans space (xi=0.1) 0.000000-0.500000-0.000000-0.999999-0.999999-0.000000-0.000000-0.999999  1.095348  0.324908 8.723708           15
   EI trans space (xi=0.05) 0.250000-0.000000-0.000000-0.000000-0.500000-0.750000-0.250000-0.000000  0.633836  1.162028 9.707964            9
   EI trans space (xi=0.01) 0.250000-0.000000-0.000000-0.000000-0.500000-0.750000-0.250000-0.000000  0.633836  1.162028 9.707964            9
  EI trans space (xi=0.005) 0.250000-0.000000-0.000000-0.000000-0.500000-0.750000-0.250000-0.000000  0.633836  1.162028 9.707964            9
  EI trans space (xi=0.001) 0.250000-0.000000-0.000000-0.000000-0.500000-0.750000-0.250000-0.000000  0.633836  1.162028 9.707964            9
      EI trans space (xi=0) 0.250000-0.000000-0.000000-0.000000-0.500000-0.750000-0.250000-0.000000  0.633836  1.162028 9.707964            9
       EI orig space (xi=2) 0.999999-0.999999-0.999999-0.750000-0.250000-0.999999-0.999999-0.500000  0.779254 -3.697112 3.288374           19
       EI orig space (xi=1) 0.999999-0.999999-0.999999-0.750000-0.250000-0.999999-0.999999-0.500000  0.779254 -3.697112 3.288374           19
     EI orig space (xi=0.5) 0.999999-0.999999-0.999999-0.750000-0.250000-0.999999-0.999999-0.500000  0.779254 -3.697112 3.288374           19
     EI orig space (xi=0.1) 0.999999-0.999999-0.999999-0.750000-0.250000-0.999999-0.999999-0.500000  0.779254 -3.697112 3.288374           19
    EI orig space (xi=0.05) 0.999999-0.999999-0.999999-0.750000-0.250000-0.999999-0.999999-0.500000  0.779254 -3.697112 3.288374           19
    EI orig space (xi=0.01) 0.999999-0.999999-0.999999-0.750000-0.250000-0.999999-0.999999-0.500000  0.779254 -3.697112 3.288374           19
   EI orig space (xi=0.005) 0.999999-0.999999-0.999999-0.750000-0.250000-0.999999-0.999999-0.500000  0.779254 -3.697112 3.288374           19
   EI orig space (xi=0.001) 0.999999-0.999999-0.999999-0.750000-0.250000-0.999999-0.999999-0.500000  0.779254 -3.697112 3.288374           19
       EI orig space (xi=0) 0.999999-0.999999-0.999999-0.750000-0.250000-0.999999-0.999999-0.500000  0.779254 -3.697112 3.288374           19
  UCB trans space (beta=10) 0.000000-0.417058-0.000000-0.999999-0.999999-0.000000-0.000000-0.999999  1.078532  0.365939 8.772762           14
   UCB trans space (beta=5) 0.153552-0.024457-0.113585-0.132620-0.717358-0.604414-0.200446-0.000020  0.414293  1.348160 9.922350            8
   UCB trans space (beta=2) 0.113913-0.126896-0.121633-0.142946-0.806770-0.505112-0.203390-0.582460  0.074402  1.414668 9.998586            7
   UCB trans space (beta=1) 0.106575-0.138707-0.126265-0.146805-0.806000-0.500099-0.201401-0.593895  0.062688  1.415580 9.999631            6
 UCB trans space (beta=0.5) 0.102487-0.145006-0.127861-0.148067-0.805976-0.498796-0.200726-0.599527  0.058327  1.415798 9.999880            5
 UCB trans space (beta=0.1) 0.099389-0.149641-0.129552-0.149596-0.805150-0.498658-0.200123-0.602958  0.053447  1.415866 9.999957            4
UCB trans space (beta=0.05) 0.099083-0.150463-0.129619-0.150132-0.805151-0.498687-0.200010-0.603858  0.052582  1.415868 9.999960            3
UCB trans space (beta=0.01) 0.098795-0.150712-0.129913-0.150083-0.805264-0.498739-0.200060-0.603923  0.052313  1.415868 9.999960            1
   UCB trans space (beta=0) 0.098727-0.150807-0.129949-0.150056-0.805230-0.498351-0.200059-0.603758  0.052291  1.415868 9.999960            2
