Best model:
Matern 0.5 + WhiteK, x:scaled, y:pow-scaled

Optimised parameters:

1.01**2 * Matern(len_scale=[10, 9.11, 10, 10], nu=0.5) + WhiteK(noise=1e-07)

LOOCV Predictions using best model:

          x1        x2        x3        x4          y       y_t    mean_t       resid_t     std_t     y_pred
38  0.420568  0.369889  0.365224  0.420239   0.702516  1.577279  1.575351 -1.928170e-03  0.015642   0.696033
41  0.420477  0.370170  0.365195  0.420221   0.701535  1.576972  1.576895 -7.733831e-05  0.015273   0.700992
37  0.420026  0.375233  0.363780  0.420657   0.678425  1.569769  1.572311  2.542025e-03  0.050458   0.683279
39  0.421043  0.373879  0.363173  0.425061   0.661226  1.564436  1.564436 -9.104064e-10  0.000447   0.661226
40  0.421043  0.373879  0.363173  0.425061   0.661226  1.564436  1.564436 -9.104073e-10  0.000447   0.661226
35  0.422865  0.395379  0.360667  0.422832   0.637067  1.556984  1.562659  5.675595e-03  0.077108   0.647276
34  0.426497  0.405632  0.365205  0.425011   0.634481  1.556189  1.518605 -3.758379e-02  0.087848   0.497303
30  0.408739  0.404902  0.359004  0.431449   0.581961  1.540158  1.512251 -2.790706e-02  0.106974   0.468777
33  0.452084  0.380814  0.403759  0.433660  -0.144716  1.343392  1.405372  6.197970e-02  0.174026   0.028692
31  0.424076  0.423704  0.276762  0.441310  -1.020222  1.161528  1.181616  2.008705e-02  0.238511  -1.078665
32  0.307521  0.424450  0.483199  0.463906  -2.332791  0.943298  0.883833 -5.946548e-02  0.289214  -2.965721
27  0.577766  0.428772  0.425826  0.249007  -4.025542  0.710397  0.621612 -8.878519e-02  0.294455  -4.967969
24  0.326076  0.472367  0.453192  0.105887  -6.702089  0.401709  0.418573  1.686424e-02  0.242553  -6.687373
23  0.282138  0.505987  0.530531  0.096302  -7.966775  0.271997  0.216554 -5.544334e-02  0.251845  -8.681037
4   0.124871  0.129770  0.384400  0.287076 -10.069633  0.072268  0.260417  1.881487e-01  0.377861  -8.423247
21  0.170347  0.756959  0.276520  0.531231 -11.565742 -0.060206 -0.189012 -1.288066e-01  0.356202 -13.376800
2   0.250946  0.033693  0.145380  0.494932 -11.699932 -0.071754 -0.077553 -5.798616e-03  0.265162 -11.925361
6   0.247708  0.060445  0.042186  0.441324 -12.681685 -0.154737 -0.081547  7.318980e-02  0.293821 -12.007937
9   0.626071  0.586751  0.438806  0.778858 -12.741766 -0.159732 -0.344693 -1.849602e-01  0.343594 -15.299154
16  0.216911  0.166086  0.241372  0.770062 -12.758324 -0.161108 -0.184967 -2.385949e-02  0.380717 -13.367902
28  0.738613  0.482103  0.709366  0.503970 -13.122782 -0.191202 -0.287868 -9.666624e-02  0.306254 -14.524963
11  0.732812  0.145250  0.476813  0.133366 -13.527649 -0.224253 -0.076748  1.475046e-01  0.348639 -12.031386
19  0.037825  0.664853  0.161982  0.253924 -13.702747 -0.238426 -0.029993  2.084334e-01  0.402124 -11.584048
1   0.889356  0.499588  0.539269  0.508783 -14.601397 -0.310081 -0.353391 -4.331017e-02  0.323012 -15.381042
5   0.801303  0.500231  0.706645  0.195103 -15.487083 -0.379023 -0.376357  2.665552e-03  0.358296 -15.729405
7   0.746702  0.757092  0.369353  0.206566 -16.026400 -0.420241 -0.465764 -4.552263e-02  0.336941 -16.872616
3   0.346962  0.006250  0.760564  0.613024 -16.053765 -0.422318 -0.622416 -2.000979e-01  0.389195 -19.093766
13  0.219734  0.832031  0.482864  0.082569 -16.507159 -0.456524 -0.247795  2.087285e-01  0.403935 -14.177276
12  0.655115  0.072392  0.687152  0.081517 -16.679115 -0.469399 -0.346353  1.230457e-01  0.349395 -15.329168
8   0.400665  0.072574  0.886768  0.243842 -17.049235 -0.496935 -0.490296  6.639260e-03  0.335987 -17.199733
14  0.488594  0.211965  0.939178  0.376192 -17.817999 -0.553381 -0.488840  6.454138e-02  0.335789 -17.179885
17  0.387488  0.804532  0.751795  0.723827 -19.441558 -0.669496 -0.756054 -8.655810e-02  0.423210 -21.058167
26  0.664955  0.046566  0.116777  0.793718 -19.989498 -0.707801 -0.353280  3.545201e-01  0.455392 -15.603430
0   0.896981  0.725628  0.175404  0.701694 -22.108288 -0.852116 -0.965204 -1.130878e-01  0.316184 -24.029804
29  0.854811  0.493965  0.735310  0.808092 -23.139428 -0.920329 -0.905274  1.505540e-02  0.292916 -23.084374
15  0.167130  0.876555  0.217240  0.959801 -26.561821 -1.138403 -0.745372  3.930310e-01  0.454830 -20.960612
22  0.859657  0.919592  0.206139  0.097797 -26.857786 -1.156711 -0.696636  4.600744e-01  0.428008 -20.209888
10  0.957135  0.597644  0.766114  0.776210 -27.316396 -1.184919 -1.112900  7.201891e-02  0.297104 -26.327337
18  0.985622  0.666933  0.156783  0.856535 -28.903274 -1.281076 -1.008575  2.725008e-01  0.342861 -24.737598
20  0.683486  0.902770  0.335420  0.999483 -29.427091 -1.312343 -1.149643  1.627001e-01  0.409185 -27.075500
25  0.948389  0.894513  0.851638  0.552196 -32.625660 -1.498566 -1.100470  3.980960e-01  0.439451 -26.337831
36  0.000000  0.000000  0.999999  0.999999 -40.348376 -1.919736 -0.694394  1.225341e+00  0.567408 -20.467764


FUNCTION 4 SUBMISSION WEEK 13:

                     acq_fn            ['x1', 'x2', 'x3', 'x4']     distance  y_t_mean     y_mean  y_mean rank
      EI trans space (xi=2) 0.999999-0.000000-0.000000-0.000000 5.810534e-01 -0.562859 -18.600950           24
      EI trans space (xi=1) 0.999999-0.000000-0.000000-0.000000 5.810534e-01 -0.562859 -18.600950           24
    EI trans space (xi=0.5) 0.379185-0.383830-0.361516-0.352211 8.019896e-02  1.308863  -0.416765           22
    EI trans space (xi=0.1) 0.401625-0.389632-0.368555-0.395722 3.450316e-02  1.493537   0.387488           18
   EI trans space (xi=0.05) 0.404868-0.388774-0.368950-0.403591 2.703863e-02  1.520798   0.491898           17
   EI trans space (xi=0.01) 0.407847-0.387748-0.369068-0.410492 2.088635e-02  1.541253   0.568069           14
  EI trans space (xi=0.005) 0.408262-0.387598-0.369034-0.411350 2.013752e-02  1.543544   0.576501           13
  EI trans space (xi=0.001) 0.408602-0.387476-0.368993-0.412025 1.954705e-02  1.545311   0.582992           12
      EI trans space (xi=0) 0.408688-0.387445-0.368981-0.412192 1.940080e-02  1.545742   0.584577           10
       EI orig space (xi=2) 0.999999-0.900000-0.750000-0.250000 3.230271e-01 -1.193195 -27.757462           27
       EI orig space (xi=1) 0.388565-0.388934-0.366164-0.368405 6.255815e-02  1.382315  -0.076196           21
     EI orig space (xi=0.5) 0.397722-0.390156-0.368080-0.386777 4.343380e-02  1.459130   0.250611           20
     EI orig space (xi=0.1) 0.406265-0.388309-0.369069-0.406948 2.400541e-02  1.531196   0.530835           16
    EI orig space (xi=0.05) 0.407477-0.387881-0.369086-0.409699 2.157987e-02  1.539084   0.560072           15
    EI orig space (xi=0.01) 0.408649-0.387459-0.368987-0.412115 1.946802e-02  1.545544   0.583849           11
   EI orig space (xi=0.005) 0.408812-0.387400-0.368962-0.412429 1.919211e-02  1.546354   0.586822            8
   EI orig space (xi=0.001) 0.408956-0.387348-0.368938-0.412700 1.895405e-02  1.547046   0.589360            7
       EI orig space (xi=0) 0.408981-0.387339-0.368934-0.412747 1.891252e-02  1.547166   0.589800            6
  UCB trans space (beta=10) 0.999999-0.000000-0.000000-0.000000 5.810534e-01 -0.562859 -18.600950           24
   UCB trans space (beta=5) 0.368292-0.368877-0.349420-0.334924 1.012396e-01  1.214892  -0.893586           23
   UCB trans space (beta=2) 0.399624-0.389973-0.368314-0.391049 3.912402e-02  1.475906   0.318071           19
   UCB trans space (beta=1) 0.408732-0.387429-0.368974-0.412277 1.932612e-02  1.545962   0.585383            9
 UCB trans space (beta=0.5) 0.413943-0.385330-0.367009-0.418924 1.234404e-02  1.562407   0.645770            5
 UCB trans space (beta=0.1) 0.420266-0.370905-0.365203-0.420172 7.662534e-04  1.575978   0.697654            4
UCB trans space (beta=0.05) 0.420548-0.369981-0.365218-0.420238 9.480068e-05  1.577180   0.702132            3
UCB trans space (beta=0.01) 0.420564-0.369904-0.365223-0.420238 1.611805e-05  1.577261   0.702444            2
   UCB trans space (beta=0) 0.420568-0.369889-0.365224-0.420239 1.045294e-07  1.577278   0.702513            1
