Best model:
Linear + RBF, x:scaled, y:logshift

Optimised parameters:

DotProduct(sigma_0=8.3) + 0.741**2 * RBF(len_scale=[2.39, 3.14, 2.23, 2.21])

LOOCV Predictions using best model:

          x1        x2        x3        x4            y       y_t    mean_t   resid_t     std_t       y_pred
26  0.999999  0.999999  0.999999  0.999999  8662.405001  9.162045  9.162053  0.000008  0.000119  8662.481441
29  0.999995  0.999995  0.999995  0.999995  8662.095012  9.162012  9.162019  0.000007  0.000118  8662.158689
28  0.999990  0.999990  0.999990  0.999990  8661.707538  9.161972  9.161977  0.000005  0.000117  8661.755931
27  0.999900  0.999900  0.999900  0.999900  8654.735478  9.161240  9.161213 -0.000027  0.000130  8654.477835
31  0.999999  0.999999  0.999999  0.999415  8651.103680  9.160858  9.160755 -0.000103  0.000360  8650.126528
30  0.995567  0.999999  0.999999  0.999999  8577.307779  9.153074  9.153343  0.000269  0.000524  8579.850017
25  0.739398  0.999999  0.999999  0.999999  5582.730606  8.771657  8.770531 -0.001126  0.013538  5576.063114
24  0.430989  0.871952  0.999999  0.999999  3205.724972  8.311851  8.307429 -0.004421  0.007298  3187.869830
23  0.390055  0.835503  1.000000  0.980370  2697.671664  8.178579  8.183568  0.004988  0.005710  2715.552152
22  0.321285  0.835912  0.989796  0.927768  2097.459893  7.994152  7.994242  0.000090  0.000491  2097.727136
21  0.305835  0.837423  0.976561  0.919045  1919.271935  7.932143  7.932104 -0.000039  0.000130  1919.164644
20  0.300708  0.837945  0.971653  0.916257  1860.002080  7.910634  7.910683  0.000049  0.000164  1860.136278
15  0.224189  0.846480  0.879484  0.878516  1088.859618  7.578133  7.578774  0.000641  0.004024  1090.128809
18  0.119879  0.862540  0.643331  0.849804   431.612757  7.168371  7.168098 -0.000273  0.026877   431.726287
14  0.438933  0.774092  0.378167  0.933696   355.806818  7.108181  7.049634 -0.058547  0.034760   287.016680
4   0.836478  0.193610  0.663893  0.785649   258.370525  7.025082  6.919229 -0.105853  0.143879   155.939493
9   0.463442  0.630025  0.107906  0.957644   233.223610  7.002465  7.015112  0.012647  0.091167   251.847336
7   0.352356  0.322242  0.116979  0.473113   109.571876  6.883143  6.846936 -0.036207  0.135558    83.554953
13  0.511142  0.817957  0.728710  0.112354    79.729130  6.852079  6.850710 -0.001369  0.161006    90.747003
5   0.683432  0.118663  0.829046  0.567577    78.434389  6.850709  6.905768  0.055059  0.126150   139.864318
0   0.191447  0.038193  0.607418  0.414584    64.443440  6.835786  6.719254 -0.116532  0.127927   -31.118081
11  0.583973  0.147243  0.348097  0.428615    64.420147  6.835761  6.859400  0.023638  0.085721    90.182623
12  0.306889  0.316878  0.622634  0.095399    63.476716  6.834747  6.810895 -0.023852  0.056263    43.002913
6   0.553621  0.667350  0.323806  0.814870    57.571537  6.828374  6.899537  0.071162  0.035363   126.318540
17  0.355482  0.639619  0.417618  0.122604    45.181570  6.814870  6.797834 -0.017036  0.047546    30.800935
16  0.725262  0.479870  0.088947  0.759760    28.866752  6.796805  6.819746  0.022942  0.092186    53.532471
10  0.677491  0.358510  0.479592  0.072880    24.423088  6.791827  6.879426  0.087599  0.122620   113.281127
1   0.758653  0.536518  0.656000  0.360342    18.301380  6.784929  6.828265  0.043335  0.078351    60.307037
19  0.126885  0.153430  0.770162  0.190518     9.972332  6.775467  6.842314  0.066847  0.096716    74.924792
8   0.153786  0.729382  0.422598  0.443074     8.847992  6.774183  6.758365 -0.015818  0.091738    -1.255194
3   0.706051  0.534192  0.264243  0.482088     4.210898  6.768869  6.685138 -0.083731  0.054654   -64.499967
2   0.438350  0.804340  0.210245  0.151295     0.112940  6.764150  6.849113  0.084964  0.095915    81.272150


FUNCTION 5 SUBMISSION WEEK 13:

                     acq_fn            ['x1', 'x2', 'x3', 'x4']  distance  y_t_mean      y_mean  y_mean rank
      EI trans space (xi=2) 0.999999-0.999999-0.999999-0.000000  0.598616  7.690382 1484.036762           26
      EI trans space (xi=1) 0.999999-0.999999-0.000000-0.999999  0.641592  7.781135 1694.589686           23
    EI trans space (xi=0.5) 0.999999-0.999999-0.000000-0.999999  0.641592  7.781135 1694.589686           23
    EI trans space (xi=0.1) 0.999999-0.000000-0.999999-0.999999  0.472374  8.202183 2924.690775            8
   EI trans space (xi=0.05) 0.999999-0.000000-0.999999-0.999999  0.472374  8.202183 2924.690775            8
   EI trans space (xi=0.01) 0.999999-0.000000-0.999999-0.999999  0.472374  8.202183 2924.690775            8
  EI trans space (xi=0.005) 0.999999-0.000000-0.999999-0.999999  0.472374  8.202183 2924.690775            8
  EI trans space (xi=0.001) 0.999999-0.000000-0.999999-0.999999  0.472374  8.202183 2924.690775            8
      EI trans space (xi=0) 0.999999-0.000000-0.999999-0.999999  0.472374  8.202183 2924.690775            8
       EI orig space (xi=2) 0.999999-0.000000-0.999999-0.999999  0.472374  8.202183 2924.690775            8
       EI orig space (xi=1) 0.999999-0.000000-0.999999-0.999999  0.472374  8.202183 2924.690775            8
     EI orig space (xi=0.5) 0.999999-0.000000-0.999999-0.999999  0.472374  8.202183 2924.690775            8
     EI orig space (xi=0.1) 0.999999-0.000000-0.999999-0.999999  0.472374  8.202183 2924.690775            8
    EI orig space (xi=0.05) 0.999999-0.000000-0.999999-0.999999  0.472374  8.202183 2924.690775            8
    EI orig space (xi=0.01) 0.999999-0.000000-0.999999-0.999999  0.472374  8.202183 2924.690775            8
   EI orig space (xi=0.005) 0.999999-0.000000-0.999999-0.999999  0.472374  8.202183 2924.690775            8
   EI orig space (xi=0.001) 0.999999-0.000000-0.999999-0.999999  0.472374  8.202183 2924.690775            8
       EI orig space (xi=0) 0.999999-0.000000-0.999999-0.999999  0.472374  8.202183 2924.690775            8
  UCB trans space (beta=10) 0.999999-0.999999-0.999999-0.000000  0.598616  7.690382 1484.036762           26
   UCB trans space (beta=5) 0.999999-0.999999-0.000000-0.999999  0.641592  7.781135 1694.589686           23
   UCB trans space (beta=2) 0.999999-0.999999-0.998995-0.999999  0.000921  9.159431 8637.530537            6
   UCB trans space (beta=1) 0.999999-0.987036-0.999999-0.999999  0.012866  9.140654 8460.898703            7
 UCB trans space (beta=0.5) 0.998873-0.999999-0.999999-0.999999  0.001041  9.159765 8640.703241            5
 UCB trans space (beta=0.1) 0.999428-0.999999-0.999999-0.999999  0.000502  9.160891 8651.419392            3
UCB trans space (beta=0.05) 0.999131-0.999999-0.999999-0.999999  0.000788  9.160288 8645.681218            4
UCB trans space (beta=0.01) 0.999727-0.999999-0.999999-0.999999  0.000244  9.161498 8657.191901            1
   UCB trans space (beta=0) 0.999539-0.999999-0.999999-0.999999  0.000400  9.161116 8653.557920            2
